100
0 51 78 859 158 470 723 785 430 366 988 803 372 299 369 588 226 721 824 876 350 225 229 348 12 102 79 766 733 966 913 692 999 415 988 548 516 570 776 375 440 748 317 980 310 12 43 486 834 158 462 281 567 797 765 305 152 925 614 360 412 225 307 311 818 439 541 535 157 435 439 899 262 323 57 858 271 474 409 511 478 805 629 794 588 683 282 702 766 700 746 296 223 697 840 927 386 186 179 981 
444 0 654 74 708 205 533 940 905 972 71 228 912 606 635 976 488 900 219 875 829 591 939 532 819 155 793 702 156 37 295 94 811 998 374 660 92 315 312 415 316 864 920 130 693 593 602 46 96 748 472 4 850 501 145 637 726 399 405 10 174 884 921 638 165 774 942 753 603 582 477 505 751 173 531 88 638 814 586 52 739 562 593 42 915 204 842 96 132 280 730 458 277 526 842 338 506 337 581 877 
874 939 0 523 382 880 631 869 188 784 623 962 732 845 445 426 728 216 26 830 280 81 372 572 178 361 750 965 718 8 111 225 455 535 667 46 216 903 909 9 820 402 287 770 560 402 722 560 415 153 122 356 412 351 187 968 796 742 604 936 846 39 466 256 21 814 30 145 99 506 122 899 795 740 403 838 4 32 353 789 581 911 851 39 190 450 641 170 17 914 87 410 378 587 848 485 242 770 221 679 
426 57 456 0 293 543 139 304 534 677 332 626 388 393 916 384 953 273 505 644 30 981 392 226 295 498 37 109 24 251 761 689 221 383 355 578 635 273 180 705 990 795 481 504 452 95 122 758 794 303 723 487 470 806 788 187 433 834 641 580 186 237 553 305 801 274 712 735 732 232 585 183 25 437 474 807 52 414 501 598 855 468 317 310 260 949 206 984 335 974 946 912 849 43 156 950 509 619 249 935 
516 21 276 89 0 802 191 335 830 124 90 310 617 713 494 149 510 686 986 870 656 705 934 573 957 287 702 7 7 796 768 348 913 46 354 465 308 75 777 233 500 24 353 942 660 168 367 697 611 247 278 716 473 407 384 207 952 824 159 799 662 714 808 239 627 552 153 700 390 995 788 39 288 259 824 669 627 616 149 864 108 616 986 261 707 483 14 115 477 670 685 812 276 937 392 476 747 873 396 121 
522 519 877 673 442 0 498 182 965 119 542 678 36 966 70 826 363 577 179 980 550 347 31 763 111 221 393 892 599 605 203 824 347 927 546 374 280 826 76 69 303 455 214 605 602 678 911 59 311 65 581 206 606 365 140 303 260 459 340 176 944 489 438 917 959 756 468 494 231 820 612 255 374 454 567 989 492 561 83 269 834 550 245 686 201 303 672 969 122 909 0 201 791 346 563 821 984 859 203 640 
226 558 583 960 805 292 0 776 918 587 746 857 634 750 163 87 307 887 450 187 305 305 333 286 269 233 265 634 672 26 617 375 457 541 240 919 15 216 777 477 85 6 206 441 133 260 662 214 355 616 548 705 186 286 992 452 80 766 637 24 699 812 800 69 107 528 4 429 581 828 952 752 605 239 363 326 382 569 79 250 911 879 843 107 1 114 740 306 417 784 940 177 517 31 709 391 367 135 647 844 
304 337 707 336 875 160 762 0 387 613 416 47 826 976 796 452 650 111 832 666 414 589 187 627 275 37 863 68 392 806 753 676 427 607 586 848 531 856 617 777 699 452 882 947 587 133 731 354 844 216 774 665 601 284 546 672 840 816 495 143 336 151 494 88 922 941 332 634 111 284 155 615 796 466 932 261 649 238 820 73 721 443 349 334 241 363 422 341 479 364 727 820 309 306 892 604 547 544 324 915 
564 993 221 690 594 547 535 116 0 657 969 285 816 986 4 632 606 395 263 647 408 528 798 256 756 885 745 220 60 168 447 724 592 472 347 667 472 222 590 755 538 326 226 495 860 61 239 535 597 906 654 996 730 898 465 782 499 663 70 458 990 732 944 355 88 943 717 371 150 612 182 893 116 475 520 668 730 190 762 492 793 835 594 829 136 46 228 238 9 229 927 543 431 588 234 937 767 240 212 776 
17 868 870 507 178 989 258 359 640 0 595 487 706 215 793 233 576 619 287 278 650 94 766 708 771 289 757 968 397 59 581 97 860 800 3 734 359 683 552 138 501 649 309 944 705 506 386 742 340 164 326 310 997 534 0 307 108 517 820 401 706 680 541 488 196 823 284 164 784 22 485 66 194 325 142 172 463 634 760 781 529 238 643 244 417 171 548 395 973 55 594 334 200 422 178 479 253 731 340 369 
685 956 581 704 228 85 694 781 885 717 0 143 362 239 101 517 890 352 655 495 292 217 789 591 586 50 822 332 980 161 771 207 533 477 132 907 970 863 203 626 933 280 668 649 689 605 402 585 624 483 542 72 230 527 839 348 261 167 336 335 682 561 204 133 606 297 884 428 922 866 826 873 718 211 576 517 592 195 248 555 519 646 21 750 952 627 363 177 94 788 882 258 21 423 255 704 950 957 180 582 
459 399 798 670 738 640 513 234 53 632 542 0 570 971 289 931 78 111 170 995 224 821 89 775 233 660 707 571 30 580 101 444 755 963 755 975 59 364 602 420 778 569 824 615 273 232 846 258 34 207 54 717 452 105 69 78 533 13 296 371 301 286 778 709 589 290 935 714 793 646 775 481 950 801 717 444 364 796 66 531 515 349 790 475 168 143 249 649 512 526 953 59 270 678 483 40 264 7 744 782 
754 849 252 348 595 666 887 513 648 143 851 590 0 222 306 518 169 519 594 632 162 910 421 171 45 609 580 67 590 419 915 868 526 332 643 485 153 695 62 46 633 894 353 581 597 605 400 450 978 407 625 404 699 436 406 975 650 957 825 49 416 292 38 399 971 62 710 678 664 538 900 494 119 278 690 139 544 920 41 790 362 198 596 902 448 790 374 565 417 430 955 721 93 356 375 699 985 594 187 102 
390 253 715 413 620 26 673 99 571 883 582 961 577 0 408 31 123 129 98 420 685 323 345 285 204 638 625 236 63 97 853 893 967 100 105 291 811 564 32 440 865 770 718 394 535 436 909 123 824 850 162 147 568 812 581 826 514 675 473 106 402 156 13 704 559 363 269 849 36 206 561 942 954 101 149 47 223 923 252 137 747 126 741 344 370 745 488 874 930 430 823 92 258 924 320 615 27 610 782 339 
426 687 695 34 192 713 66 26 34 655 580 804 743 286 0 982 543 505 27 802 314 404 683 723 394 837 353 358 15 45 602 127 374 942 668 113 52 935 44 946 502 669 586 378 294 918 484 980 227 625 403 821 167 238 333 447 578 150 157 987 349 324 480 964 580 446 307 354 509 389 982 261 238 504 904 98 783 14 838 656 939 883 159 8 852 987 845 356 229 504 15 900 113 530 996 589 839 235 772 280 
360 861 867 344 402 522 628 230 954 282 554 460 927 491 871 0 542 11 917 998 149 650 345 251 526 906 421 21 175 515 936 971 240 585 514 378 484 576 212 540 50 948 666 912 280 488 658 933 978 309 713 766 886 182 472 748 448 645 544 302 908 618 975 534 268 951 712 530 200 923 506 404 865 364 421 50 574 84 492 994 279 811 40 525 145 474 11 44 850 556 541 418 854 950 259 181 524 570 981 865 
32 329 56 326 189 892 616 221 863 335 435 928 459 770 103 383 0 526 316 374 171 435 146 66 631 691 962 831 732 167 204 762 361 555 742 789 693 379 803 953 218 484 456 807 323 116 753 773 412 492 931 790 18 976 343 470 862 827 510 133 199 847 250 246 466 628 595 821 870 240 976 799 346 90 531 667 841 524 936 496 691 247 34 213 -1 664 261 182 825 903 315 941 543 80 709 608 600 303 860 928 
368 178 773 807 5 155 192 388 274 188 804 794 716 361 301 393 386 0 774 16 371 644 322 920 532 324 52 989 645 502 106 637 754 489 29 86 858 90 39 159 759 457 721 126 191 813 644 159 644 105 424 855 2 628 650 774 806 36 367 884 89 73 271 706 500 494 686 686 384 14 0 407 809 545 839 584 564 32 426 417 233 430 400 103 781 357 127 843 467 813 727 457 540 222 841 524 983 646 709 56 
959 420 268 218 396 568 802 380 872 84 44 551 406 878 583 328 721 202 0 598 153 606 347 612 569 428 983 910 96 581 943 839 130 817 102 998 712 875 163 748 614 12 33 390 955 340 562 728 309 280 731 690 60 244 162 401 972 261 920 657 867 509 325 614 360 929 972 659 590 336 751 424 931 478 635 712 177 547 420 367 147 206 689 461 523 126 796 428 996 636 57 852 530 580 655 739 733 890 918 930 
499 307 482 303 544 412 62 129 505 749 742 245 24 256 261 174 859 719 172 0 82 330 466 645 389 279 204 885 111 980 907 969 391 482 970 193 964 21 529 904 430 129 149 820 72 238 783 780 474 981 79 383 982 911 101 183 603 527 329 373 173 959 668 261 689 971 915 286 574 156 23 676 797 829 4 439 38 68 200 125 542 584 980 191 194 489 70 358 975 453 924 845 811 435 523 616 634 251 341 520 
362 680 701 480 350 476 985 284 851 130 535 975 388 735 813 220 726 102 504 205 0 8 55 870 24 699 782 322 394 742 764 455 3 952 867 764 983 57 547 173 382 288 282 114 366 740 825 777 676 443 19 438 111 843 862 845 728 434 4 591 835 775 296 932 219 460 553 625 947 515 707 189 497 982 485 816 209 548 815 816 231 183 645 241 352 111 736 589 193 983 509 315 859 129 810 285 648 525 527 349 
832 592 975 572 848 736 901 915 925 277 201 59 921 50 559 32 362 267 580 809 661 0 363 965 904 745 789 700 849 141 773 91 94 471 780 42 427 601 426 830 806 656 344 919 115 820 751 717 175 344 143 462 939 178 243 425 859 892 84 254 27 114 49 251 458 50 96 992 989 445 241 65 13 455 269 369 927 430 628 738 936 992 473 46 775 874 739 271 403 474 787 225 509 98 507 773 704 138 851 312 
236 740 155 712 155 370 459 910 422 888 922 899 7 849 637 78 496 8 592 376 384 341 0 696 797 147 931 796 93 945 703 877 122 99 547 848 149 529 15 379 519 164 186 963 62 847 195 192 485 144 307 706 644 472 46 770 793 880 754 463 298 55 540 126 702 453 58 848 97 996 945 537 501 545 597 99 195 568 381 853 659 14 248 573 165 290 93 842 415 478 928 932 510 461 655 506 500 118 700 59 
616 532 300 675 324 825 176 830 165 889 801 395 643 5 128 98 419 349 775 548 411 863 320 0 950 882 306 665 311 224 542 561 911 888 725 356 846 550 78 574 418 184 520 52 1 182 462 218 371 723 355 587 502 360 575 254 349 681 566 431 918 362 762 396 822 907 775 500 61 54 720 901 935 357 541 133 998 887 964 680 23 188 577 458 636 215 833 345 848 508 402 496 414 692 636 983 213 455 25 137 
252 371 422 924 771 511 505 592 222 622 428 355 689 811 310 408 319 846 508 247 654 805 927 114 0 138 259 647 578 889 918 106 688 870 149 161 987 43 601 657 451 395 519 393 140 692 85 118 817 535 742 867 939 431 612 967 197 523 319 350 604 984 559 859 57 865 676 765 438 54 151 992 578 862 815 797 784 357 644 674 868 91 83 204 300 994 223 7 209 195 934 479 806 234 206 370 382 101 133 637 
564 291 967 915 451 475 847 524 97 662 3 181 946 313 959 455 961 790 656 727 782 760 921 706 284 0 345 809 848 152 302 340 685 701 185 105 273 361 342 821 657 368 624 811 306 188 361 166 22 362 259 351 540 502 835 952 997 799 685 622 576 206 447 761 791 51 491 441 916 960 617 731 591 169 215 356 241 710 931 331 994 18 2 971 601 821 689 407 897 563 997 785 672 970 268 580 16 268 205 649 
99 696 425 677 531 233 500 733 55 184 754 67 905 157 134 674 905 594 794 249 192 888 549 173 398 84 0 839 664 318 535 8 511 73 193 65 681 65 498 462 830 69 668 444 407 11 113 77 918 690 105 419 921 890 466 653 94 740 87 953 660 727 396 217 48 37 317 615 392 777 620 47 870 265 344 712 600 716 256 354 814 854 775 902 312 666 908 379 868 566 359 726 299 996 739 420 279 465 936 339 
546 317 25 178 666 123 193 811 901 167 314 318 429 226 339 358 477 524 825 632 911 549 772 128 252 771 640 0 388 338 496 304 566 742 490 949 661 586 125 21 414 173 591 705 228 173 235 546 808 469 789 707 986 287 6 249 132 685 522 37 937 166 766 517 212 758 85 683 868 623 939 242 987 800 767 922 43 404 218 638 4 873 83 136 794 467 713 484 591 255 455 758 289 713 303 686 916 997 377 652 
791 64 95 216 617 541 526 165 493 903 199 435 910 94 705 803 670 79 348 746 591 410 617 714 977 764 879 561 0 832 329 376 325 767 458 11 863 576 885 436 108 506 842 809 967 154 13 371 275 665 187 896 864 910 149 787 976 241 678 807 931 209 785 697 918 129 513 592 183 238 802 366 716 439 729 25 486 201 90 489 806 580 320 192 846 -1 526 19 101 421 899 467 383 167 139 791 635 71 280 752 
45 220 975 929 524 197 581 910 438 816 420 301 515 942 254 27 642 931 831 826 681 129 522 132 425 908 751 918 534 0 976 743 76 493 -1 844 131 294 535 54 483 858 833 406 349 269 618 525 190 517 673 444 374 381 113 831 996 792 946 873 554 363 811 280 20 385 916 53 798 341 495 187 562 240 822 460 388 988 153 161 772 430 313 584 286 75 955 175 74 324 242 240 408 968 566 102 91 611 723 106 
995 578 447 827 604 161 395 78 437 497 858 518 523 332 853 285 571 617 376 487 771 867 252 89 780 857 277 253 437 62 0 201 329 100 753 18 731 168 819 842 328 189 116 433 763 229 40 929 254 847 539 698 257 308 547 154 736 728 934 734 535 681 384 195 388 723 91 451 925 19 825 767 398 220 844 90 858 755 329 995 993 629 761 936 653 464 865 654 606 251 83 139 52 220 300 357 422 277 206 703 
505 561 6 238 946 429 696 987 571 461 888 445 676 528 273 634 866 413 359 658 785 41 13 535 935 379 394 955 152 629 161 0 443 23 132 402 942 602 158 81 232 194 374 150 94 145 205 937 930 770 271 132 52 247 32 736 8 617 945 569 282 886 419 129 376 654 871 633 753 784 802 926 988 460 477 726 165 687 16 711 966 848 301 748 170 146 638 638 966 37 15 264 690 722 155 334 777 603 766 295 
904 404 435 861 871 690 774 215 106 401 644 106 51 618 407 812 19 123 879 362 781 591 507 760 99 473 163 517 38 250 785 331 0 802 813 764 128 216 632 555 590 883 561 276 967 500 427 762 708 5 323 60 806 809 386 884 328 388 993 309 659 519 894 430 646 190 789 903 148 624 14 701 445 129 532 192 431 637 267 475 989 125 334 976 695 554 638 970 780 436 438 348 815 5 124 249 895 938 685 106 
371 263 75 454 77 103 363 322 613 511 261 997 564 588 836 178 783 115 446 452 893 137 740 621 271 982 507 583 844 933 13 914 569 0 591 743 92 678 990 54 953 672 180 860 617 751 622 455 269 872 662 975 244 221 636 57 394 605 561 810 605 194 688 196 743 308 419 273 780 543 111 976 125 116 959 132 587 696 893 303 686 648 183 760 381 111 155 600 543 823 551 817 132 263 659 958 864 937 380 606 
166 452 154 512 253 965 559 540 792 845 799 835 268 850 590 62 174 809 25 494 636 310 480 886 638 232 719 991 378 730 679 38 915 961 0 657 554 963 638 423 595 139 29 746 820 143 388 4 568 7 341 346 260 71 540 992 315 959 290 485 853 834 882 598 748 5 701 267 26 686 241 74 316 136 256 157 601 72 149 480 459 162 743 194 374 175 585 208 869 749 560 657 868 989 857 122 133 468 84 143 
310 337 960 727 762 598 914 820 123 197 220 180 285 387 103 767 544 557 601 586 697 776 680 256 640 437 595 174 999 465 295 547 260 70 238 0 725 999 99 280 160 430 891 412 463 572 446 683 427 46 232 414 147 172 240 190 109 461 996 77 33 809 235 424 754 892 757 114 391 134 929 412 898 176 919 119 550 860 472 435 408 595 129 446 42 255 43 745 926 591 532 567 580 319 453 3 358 939 945 456 
94 303 174 360 393 334 185 89 944 647 321 848 78 126 261 603 399 270 754 380 102 823 986 713 351 530 65 974 502 245 790 146 186 226 82 983 0 183 908 684 370 971 802 393 42 149 860 167 870 683 599 392 334 215 728 127 687 558 108 394 319 119 118 390 393 890 454 786 325 544 423 182 925 526 798 948 163 466 572 119 822 209 645 329 278 1 574 449 204 125 196 137 347 826 245 692 814 827 117 301 
60 587 838 812 329 493 412 703 535 351 8 863 874 181 701 785 772 778 670 853 547 873 625 356 681 701 580 692 760 895 473 618 719 938 740 634 625 0 721 219 539 492 679 585 903 498 70 346 572 817 910 449 903 630 377 822 8 539 850 815 208 818 368 943 789 86 943 158 272 575 197 136 888 615 997 50 954 390 277 699 638 839 308 456 512 461 50 24 788 6 139 125 909 843 849 569 53 126 568 153 
747 777 939 349 124 536 413 820 393 742 158 724 741 130 832 744 381 899 686 418 148 579 842 440 132 607 411 221 478 629 547 351 239 541 650 248 37 530 0 30 465 546 805 491 31 340 714 341 377 839 272 951 502 711 51 219 877 70 136 453 738 79 135 179 696 301 57 634 870 43 413 489 844 818 306 694 162 950 417 215 848 211 981 410 565 85 593 373 958 466 61 100 82 128 896 770 350 297 321 238 
803 256 324 949 464 933 39 625 822 756 548 888 120 447 735 342 216 21 583 654 643 88 408 49 74 666 176 950 743 330 636 2 698 590 856 36 735 548 479 0 650 613 623 71 558 312 912 421 3 254 669 739 535 643 16 445 203 393 460 383 321 601 296 957 181 584 517 724 194 464 164 726 221 901 432 568 686 193 823 416 224 440 150 606 860 91 174 895 224 882 225 873 581 567 843 175 479 280 76 847 
220 725 349 254 567 446 922 582 356 882 771 816 254 170 911 81 22 141 810 701 400 617 91 302 115 246 581 531 915 937 101 213 234 499 70 729 951 641 548 212 0 587 344 870 602 558 29 913 954 964 715 37 662 743 193 371 163 579 205 733 770 7 494 524 394 585 748 384 610 490 253 774 54 914 19 169 775 419 263 922 312 505 513 331 818 985 1000 881 858 534 506 21 479 787 435 277 959 242 961 945 
174 183 981 122 1000 48 752 280 492 464 197 129 187 417 902 18 628 414 897 555 522 90 348 149 201 226 541 555 71 523 599 960 653 187 670 558 842 337 461 492 787 0 945 824 750 714 648 866 796 820 100 1 234 425 219 498 829 705 405 562 512 978 911 459 997 840 351 971 212 997 840 82 314 553 215 262 425 951 908 819 600 957 720 369 689 738 361 887 967 10 132 148 741 181 377 818 584 569 329 447 
532 701 410 614 32 310 411 979 962 655 201 513 140 328 241 945 142 801 78 914 761 744 128 975 273 813 423 509 475 335 225 74 32 534 735 187 280 0 334 484 138 645 0 611 489 653 980 635 970 547 330 38 864 340 49 469 244 484 481 587 267 716 347 909 222 159 340 98 155 779 690 819 761 681 426 542 348 893 49 394 870 300 869 560 929 855 199 733 15 514 916 385 269 922 544 919 589 456 59 789 
613 601 536 210 928 377 450 650 329 638 632 703 593 662 511 45 866 225 567 382 178 665 238 393 281 563 464 394 890 310 628 905 681 3 94 27 111 396 16 53 229 49 927 0 225 884 221 138 427 76 604 312 690 823 46 618 500 168 708 282 88 949 182 852 21 96 659 327 974 710 305 771 2 482 931 949 82 640 178 472 939 886 400 163 680 383 882 842 844 560 829 836 426 641 969 512 919 981 442 770 
754 277 118 454 299 948 445 876 121 529 111 335 698 874 545 589 616 442 981 298 446 800 183 158 961 481 441 801 643 467 486 888 985 682 468 297 560 300 247 974 -1 159 992 719 0 718 972 807 992 322 714 225 952 855 589 481 442 187 212 358 959 569 247 502 192 621 151 910 107 358 50 885 534 866 911 459 497 89 205 848 678 292 64 485 567 846 164 201 171 503 827 240 881 798 259 346 835 239 626 156 
214 228 837 960 502 80 434 357 99 761 381 100 944 342 848 545 859 701 376 46 921 874 27 470 11 289 354 982 753 998 788 673 851 139 172 564 831 5 152 495 378 390 764 909 669 0 58 998 588 347 344 972 805 678 421 801 666 742 586 167 713 574 628 15 89 929 349 69 877 253 862 468 629 991 207 607 507 337 471 641 46 792 909 899 850 85 425 602 534 789 900 195 933 694 431 146 561 627 892 509 
475 414 818 4 774 399 981 703 111 290 267 403 62 212 773 920 299 559 336 858 880 434 157 199 404 591 571 839 578 56 829 362 275 431 941 312 932 931 432 250 138 678 881 882 649 830 0 690 746 395 298 951 911 705 958 241 822 686 685 245 242 418 905 973 153 291 603 880 252 528 775 30 577 523 158 461 29 557 791 123 50 995 214 203 648 734 351 717 718 410 743 412 492 144 756 199 116 937 373 678 
631 197 952 57 453 426 75 527 350 517 595 758 760 950 510 978 233 789 472 906 315 344 908 318 573 896 223 436 250 329 457 814 980 29 420 209 261 472 210 41 57 746 581 403 787 927 865 0 58 305 941 886 531 478 169 171 741 288 542 569 11 411 516 984 635 739 759 525 805 548 191 694 932 16 890 212 5 630 277 40 262 311 799 522 427 156 0 123 841 442 115 755 900 465 523 964 378 384 197 471 
757 408 535 272 527 290 24 342 962 11 809 80 717 598 524 732 764 201 401 579 711 53 385 681 64 142 202 311 851 942 694 300 298 237 11 598 458 876 843 285 185 110 984 668 699 210 925 940 0 388 644 745 560 823 783 219 496 421 425 738 584 23 853 504 630 682 769 567 333 286 907 172 749 430 850 440 267 429 569 959 294 132 193 420 183 920 485 367 818 777 772 46 101 82 234 797 4 808 25 856 
53 345 455 361 857 337 52 59 608 566 845 834 785 567 714 607 636 343 885 27 214 282 342 491 238 873 122 494 906 836 5 762 389 332 238 568 579 297 774 781 703 954 117 947 147 400 728 105 684 0 561 939 67 56 235 535 424 152 835 122 210 781 54 376 510 428 966 635 992 551 488 158 959 573 831 211 52 860 938 165 264 85 717 600 598 860 31 231 141 293 964 10 79 89 752 999 962 675 715 149 
866 378 993 793 770 561 302 524 151 54 680 603 633 559 290 646 575 175 884 967 90 807 290 994 187 264 738 775 268 45 803 672 79 655 999 542 460 932 217 371 481 668 197 128 352 326 35 879 351 916 0 527 418 144 424 984 809 354 468 611 686 80 878 432 796 845 507 463 789 429 839 188 330 548 148 210 244 262 728 382 820 933 531 74 539 741 503 703 939 593 583 996 781 191 438 432 452 54 632 883 
910 30 71 529 739 723 675 644 88 532 339 131 650 199 505 738 962 77 348 49 705 119 806 55 384 319 440 956 689 369 401 442 260 782 894 229 831 450 300 942 432 511 910 295 873 746 333 811 548 315 927 0 46 342 116 459 914 182 583 42 749 70 737 553 873 37 258 571 988 624 283 60 884 952 176 901 996 772 673 306 515 725 591 980 635 195 644 806 470 830 730 581 226 233 751 448 470 371 986 69 
26 204 780 679 149 576 860 366 875 212 956 882 16 945 868 245 626 576 822 823 33 418 372 411 678 192 793 643 368 822 625 650 449 409 951 911 723 141 125 22 217 208 749 636 634 653 144 603 576 31 652 864 0 279 849 84 248 698 629 97 155 589 542 210 888 944 102 147 366 603 577 382 757 454 346 196 853 663 683 882 314 261 899 528 498 386 41 337 222 96 114 458 95 775 219 607 541 781 270 600 
734 793 564 8 954 922 923 151 257 266 268 294 443 31 443 254 33 386 901 731 715 53 487 407 227 484 405 224 69 51 467 963 576 341 439 836 777 442 680 874 984 306 610 87 748 303 633 564 959 492 551 540 505 0 71 490 398 333 733 825 959 998 3 640 554 722 439 694 735 554 418 404 842 695 936 697 491 56 299 154 101 751 221 245 949 510 486 338 747 867 569 438 722 473 771 110 361 475 335 467 
894 632 132 922 329 193 351 226 641 871 399 275 565 922 207 566 517 705 532 376 906 422 575 9 159 97 546 641 114 946 381 522 153 166 147 23 167 392 310 744 115 926 850 728 543 494 815 867 356 303 813 698 489 535 0 320 155 55 159 847 365 901 83 782 601 996 424 869 493 845 584 920 60 923 453 763 709 712 368 971 975 521 558 642 576 875 45 118 186 293 71 449 91 910 518 975 535 942 597 129 
219 885 395 756 354 815 294 466 643 939 916 98 401 883 956 724 758 383 810 602 91 139 881 5 282 862 847 452 126 876 501 625 618 932 660 212 804 178 823 272 924 746 731 782 559 526 195 65 627 325 305 51 231 711 216 0 584 904 315 955 636 758 851 266 994 282 854 760 29 374 709 432 686 266 725 715 247 459 570 612 631 858 676 135 395 96 900 780 302 193 25 482 13 557 316 682 286 119 396 532 
723 998 994 786 566 988 591 591 705 997 464 256 473 376 988 466 334 685 538 329 817 289 408 436 377 526 483 981 736 466 878 484 734 155 46 836 232 234 942 207 880 304 209 393 506 72 971 588 997 234 956 489 69 678 509 532 0 66 967 124 608 447 996 489 480 769 40 172 384 242 227 227 484 320 496 82 176 24 493 87 766 967 599 293 986 106 164 882 389 352 551 325 855 575 692 833 384 22 340 145 
110 938 565 888 564 602 916 482 724 407 731 573 733 237 6 119 671 951 750 285 719 733 147 984 589 963 37 292 100 451 560 473 617 293 340 722 666 76 526 144 741 991 110 545 338 330 626 912 102 613 93 511 589 774 279 295 987 0 166 32 679 599 996 691 407 256 759 394 184 717 82 35 998 404 632 937 861 859 68 720 743 20 846 807 476 154 140 464 700 230 884 42 756 267 352 957 281 932 257 932 
519 885 12 294 695 980 796 218 621 523 312 252 642 336 503 288 302 802 718 146 220 600 486 771 298 79 770 432 884 727 955 115 181 450 109 658 681 65 254 336 597 601 187 764 557 80 893 374 910 785 322 354 507 378 475 183 772 324 0 729 114 353 853 648 169 353 197 617 210 713 514 16 464 701 490 372 635 196 961 758 389 482 752 444 370 249 401 452 89 354 991 202 838 604 281 676 940 864 105 55 
576 195 703 254 23 381 940 823 314 838 439 932 171 528 835 269 907 324 81 110 596 125 626 788 635 804 284 471 275 149 26 354 427 660 71 866 35 443 281 505 586 815 90 366 444 1000 981 774 745 505 769 829 329 308 488 953 16 366 426 0 423 503 477 514 905 328 769 428 680 896 138 875 31 29 313 379 685 565 562 276 70 390 126 940 633 144 985 505 246 853 287 816 507 66 305 351 39 477 429 674 
878 485 407 184 862 775 982 7 634 846 919 647 799 28 789 881 731 276 577 913 83 508 200 574 543 845 406 160 675 827 143 121 916 108 852 700 735 969 167 947 356 857 169 183 811 488 649 886 906 523 427 949 184 134 858 474 790 877 762 60 0 924 577 97 234 841 28 792 803 88 884 203 531 970 826 848 401 596 703 897 389 378 336 976 36 230 444 345 268 10 651 197 757 501 720 98 668 842 152 425 
810 503 127 455 740 250 108 440 609 536 389 991 212 142 761 4 805 614 750 555 670 742 623 773 339 265 540 200 294 798 890 718 5 107 71 906 554 600 412 495 755 348 773 782 400 681 248 636 716 755 113 172 186 619 361 966 626 361 159 273 868 0 317 294 361 7 477 526 54 553 212 603 887 -1 765 74 648 788 149 211 983 450 334 740 369 13 495 853 238 858 562 148 421 386 917 548 767 954 471 315 
352 334 777 686 459 127 776 639 511 466 703 143 737 509 830 501 852 235 754 922 693 97 653 862 603 710 56 22 210 39 372 176 476 401 699 261 269 152 868 963 377 479 818 77 491 891 227 115 992 106 293 136 362 551 235 407 69 670 539 291 762 492 0 306 552 195 495 515 168 826 213 96 305 592 938 351 60 108 231 692 304 840 746 1000 820 688 172 20 873 995 191 177 299 395 963 987 610 913 216 24 
650 486 439 678 575 116 970 920 40 541 59 759 593 434 612 404 459 736 121 14 308 731 284 74 672 26 546 773 463 109 504 211 330 756 843 401 32 153 875 878 139 468 122 847 313 361 407 598 793 749 927 386 40 166 283 516 185 201 504 444 617 353 838 0 601 182 394 721 57 674 451 150 822 585 372 229 906 813 621 372 342 338 227 769 804 109 718 776 897 243 476 578 502 827 48 903 856 771 622 527 
181 835 905 429 567 387 755 881 101 513 918 -1 134 107 476 599 973 227 69 915 575 969 66 494 45 921 18 873 29 509 692 481 609 1 647 742 938 875 424 851 741 272 446 229 982 82 10 184 311 63 249 155 112 -1 554 13 321 31 875 2 65 887 154 598 0 456 237 913 414 468 843 522 913 895 84 408 394 500 873 485 133 622 255 323 795 702 488 988 780 379 116 929 672 122 987 637 747 889 624 523 
526 812 215 350 849 960 533 878 992 569 811 306 552 869 619 267 212 378 591 122 84 38 370 748 375 663 561 20 526 679 337 672 573 -1 491 459 762 238 476 903 55 602 286 273 677 825 311 50 761 687 936 213 776 861 886 299 618 587 472 791 686 577 801 492 52 0 394 15 337 695 784 405 645 265 948 84 166 106 753 728 53 642 989 501 465 487 626 516 642 311 657 759 483 19 666 201 255 658 548 750 
187 222 223 420 676 752 842 272 674 38 74 582 232 180 330 663 504 709 220 279 720 412 965 641 370 196 515 949 731 521 917 29 989 834 159 56 189 274 962 764 580 129 165 0 454 612 875 607 20 960 749 30 298 985 979 19 112 956 688 645 893 306 613 310 941 368 0 686 204 344 670 85 442 529 611 559 19 78 454 220 882 341 48 351 264 199 206 983 123 640 516 810 472 529 330 786 743 278 959 1 
898 477 89 73 272 775 342 869 387 390 435 717 899 387 845 318 553 268 787 910 643 71 354 31 471 823 856 89 855 788 54 584 572 701 367 11 8 10 828 188 245 133 181 650 95 798 31 301 495 917 581 268 387 92 924 621 689 5 654 910 609 43 647 185 558 367 117 0 897 785 606 295 588 73 777 860 980 889 163 219 658 611 854 743 790 433 897 323 828 934 496 245 785 196 384 828 295 953 131 315 
500 130 507 935 933 428 56 521 558 33 554 782 919 749 314 162 801 801 167 917 404 572 750 343 701 495 623 167 517 106 261 147 731 344 133 880 533 220 82 881 847 88 41 784 713 229 592 728 472 648 665 383 219 200 993 693 464 468 424 406 562 815 899 376 855 748 181 830 0 814 321 478 594 596 397 113 485 508 952 886 216 975 763 821 92 208 732 92 250 407 574 44 82 842 387 50 929 460 95 984 
952 579 54 456 323 343 596 551 202 300 432 718 140 673 705 306 990 942 295 362 573 743 255 139 561 192 690 106 89 383 875 650 463 737 40 669 611 127 215 48 534 848 992 269 0 127 983 10 796 757 147 564 102 74 37 665 134 335 539 463 618 448 409 57 404 154 314 770 219 0 786 257 98 583 26 528 117 56 887 539 201 30 543 419 182 778 288 21 431 963 321 271 641 566 285 663 647 912 527 416 
989 769 149 472 90 977 718 854 783 158 116 774 49 470 1000 755 211 610 682 378 124 300 868 873 595 956 824 151 960 494 988 10 807 129 285 576 583 932 461 321 341 392 258 632 401 714 712 667 423 722 125 266 50 843 815 70 679 571 660 462 922 875 589 923 891 943 800 171 601 841 0 118 848 656 148 918 296 937 746 945 433 401 470 334 631 899 513 982 425 667 875 967 634 690 48 851 424 894 905 233 
429 268 163 541 971 827 799 715 667 880 943 189 825 808 123 205 314 233 798 11 375 817 196 267 338 945 509 949 718 60 319 919 288 818 896 626 659 845 431 717 181 46 872 817 949 847 550 404 646 762 876 826 356 754 461 43 789 608 303 183 272 331 346 777 85 291 907 368 228 107 200 0 145 583 417 572 84 421 150 204 598 823 496 17 73 447 894 630 687 268 799 582 49 815 935 305 82 176 980 508 
801 155 685 765 656 487 844 425 582 700 447 96 785 854 682 177 787 974 458 158 181 41 986 106 633 922 492 483 879 19 579 95 764 864 444 54 335 696 92 214 682 759 90 955 786 802 956 743 504 781 259 10 818 26 294 995 490 713 344 393 754 693 92 16 692 594 883 99 558 519 878 507 0 24 673 155 112 704 354 370 928 798 490 544 188 164 616 680 368 137 830 542 807 404 935 406 122 570 457 109 
771 384 897 409 38 278 888 122 483 25 321 98 800 688 166 772 593 670 322 843 254 473 669 134 127 732 35 330 42 290 509 680 485 966 537 976 472 426 181 148 922 465 850 983 893 343 725 528 674 659 491 733 463 825 972 483 789 749 894 3 286 641 421 869 378 271 827 540 177 901 653 443 593 0 891 653 933 308 567 188 381 961 186 595 690 72 172 0 24 566 646 73 169 257 984 732 508 697 467 827 
220 322 795 158 780 634 288 660 733 3 761 777 709 668 991 21 977 530 795 482 137 884 216 347 250 657 25 220 514 924 817 936 333 752 234 8 815 127 839 766 849 359 387 108 736 244 64 709 477 556 515 300 903 879 256 32 102 863 626 640 778 611 869 580 270 976 917 876 889 687 227 52 372 456 0 140 216 417 128 188 165 683 932 435 262 882 45 860 241 518 741 59 969 461 30 819 89 865 668 578 
184 467 114 436 70 443 343 632 739 78 6 527 773 530 371 164 839 673 379 553 809 357 977 699 904 372 816 329 970 652 254 356 663 509 899 778 740 727 802 263 605 276 265 211 978 714 956 453 475 342 649 262 78 214 59 21 470 400 795 928 573 124 821 362 485 634 988 180 788 6 571 39 334 349 875 0 38 923 464 808 820 119 758 529 652 609 336 402 667 265 73 716 180 791 142 754 196 767 492 534 
821 275 726 433 199 976 189 514 611 10 46 880 139 611 878 318 933 765 432 573 15 616 170 911 190 72 364 273 670 198 154 87 22 662 350 973 104 297 715 28 280 677 853 95 632 241 287 592 290 543 249 771 659 451 926 184 285 638 260 995 422 843 645 388 999 26 276 459 950 941 848 824 945 472 869 535 0 50 937 545 529 440 909 612 677 651 722 791 501 472 730 216 740 714 391 881 939 398 171 445 
189 172 188 443 378 248 500 899 268 603 547 602 475 682 233 612 533 853 984 635 632 260 54 863 754 587 750 79 604 599 949 328 739 19 543 892 845 507 956 180 231 434 228 335 621 776 161 283 261 688 694 956 32 197 546 176 467 0 614 745 43 236 444 584 958 338 912 129 233 748 43 496 990 25 921 871 716 0 889 748 845 794 737 626 255 997 42 285 963 748 424 903 609 94 332 913 371 111 936 534 
477 966 482 329 769 623 866 665 61 826 345 91 330 639 355 878 766 951 875 375 306 83 439 769 537 252 526 334 816 44 771 567 811 418 175 199 91 461 886 193 138 960 793 698 599 727 991 464 446 301 84 423 355 82 576 954 785 718 102 569 972 666 210 487 238 86 827 710 467 147 843 703 462 853 319 877 554 871 0 344 990 644 445 463 164 223 854 853 507 677 278 688 610 502 339 548 740 565 139 0 
980 869 443 507 998 829 259 190 186 199 95 183 469 538 744 854 644 571 336 493 729 687 375 503 270 394 145 417 283 775 761 848 280 837 982 724 961 701 397 385 376 409 634 431 577 537 348 566 963 200 994 831 298 959 688 708 784 883 950 221 625 465 996 49 754 19 806 48 618 702 541 336 607 341 369 848 535 919 350 0 749 743 526 559 59 400 810 515 871 271 326 367 758 625 167 664 801 800 778 469 
651 334 372 456 435 165 630 555 928 637 338 321 951 510 343 811 597 171 827 922 866 40 34 502 833 862 922 685 559 372 632 328 79 34 886 123 260 188 538 286 386 831 826 311 180 62 833 191 192 811 766 219 52 789 88 538 890 108 319 255 184 714 357 823 537 325 388 319 709 253 975 318 488 824 850 17 627 614 518 973 0 16 631 626 421 560 316 236 505 99 141 387 709 165 683 230 192 506 675 82 
850 280 136 496 552 116 698 575 798 847 887 665 655 553 508 771 752 735 216 237 591 530 99 37 596 781 908 461 258 136 424 186 173 613 40 713 26 10 775 411 469 111 159 828 288 761 355 336 481 385 581 557 133 52 162 294 861 336 371 587 73 347 569 789 995 129 674 753 280 953 437 89 694 95 944 381 105 931 824 88 164 0 782 645 16 513 995 44 389 692 387 765 841 710 102 920 675 310 826 220 
842 22 300 548 890 146 698 249 978 89 787 790 616 149 398 815 168 293 818 344 289 965 999 236 451 799 948 348 82 776 809 291 27 983 943 240 198 355 39 352 486 528 560 936 216 552 239 114 15 740 594 800 611 905 716 5 656 431 335 844 361 151 919 736 639 437 80 635 35 692 195 82 694 860 930 0 16 424 16 487 168 814 0 655 979 645 954 511 232 266 770 747 123 427 314 813 361 210 316 829 
944 615 896 321 980 54 868 619 208 433 85 894 297 284 617 1000 498 44 440 283 405 793 655 804 636 67 982 402 590 297 655 497 654 926 567 89 678 10 414 258 41 435 447 187 208 118 317 985 653 797 370 6 985 703 789 256 442 569 938 673 326 880 347 585 865 629 781 422 765 451 154 863 945 267 886 134 711 772 171 254 930 591 309 0 702 120 715 210 491 315 996 590 376 158 312 518 523 214 365 11 
561 463 531 735 619 446 699 272 687 841 386 250 146 728 470 358 393 381 58 254 238 619 48 550 234 115 364 219 867 574 187 102 337 386 379 151 882 207 404 222 149 610 6 28 661 802 844 262 435 162 893 450 211 169 406 454 907 742 110 856 278 259 236 896 785 857 998 555 320 51 286 360 162 43 401 112 820 517 917 890 966 140 862 577 0 249 318 985 536 881 672 511 539 96 745 738 581 163 214 598 
851 739 767 533 648 767 182 124 492 701 359 378 146 807 299 843 364 550 496 701 577 85 342 828 254 72 47 853 636 296 421 540 596 999 409 501 674 468 261 805 478 158 193 642 929 63 324 610 881 530 905 529 103 718 565 56 426 491 762 846 625 80 181 697 892 383 434 845 364 198 831 601 477 177 965 256 762 375 754 823 968 513 54 213 4 0 265 230 57 411 553 318 941 186 342 31 791 277 803 725 
32 335 463 314 855 390 141 857 636 158 29 434 902 385 182 227 748 89 440 2 739 604 668 234 308 818 222 343 645 840 894 527 535 440 240 599 470 214 330 160 470 641 889 600 753 15 124 280 749 983 956 694 194 206 389 910 988 471 586 399 300 169 660 83 200 623 98 224 159 817 321 570 66 80 943 267 613 655 41 566 107 444 564 824 482 552 0 256 81 506 287 687 102 55 549 316 959 853 591 294 
842 332 776 464 724 991 126 50 910 960 602 594 868 10 155 373 397 907 123 306 20 829 646 692 922 311 214 350 825 604 384 439 128 896 396 725 111 423 521 225 667 279 976 806 448 262 233 501 227 140 383 963 631 208 388 659 830 745 473 612 297 497 621 788 330 787 573 500 25 448 993 236 618 808 600 296 917 14 668 357 532 484 722 304 434 827 683 0 669 80 691 157 43 454 52 629 129 763 131 895 
14 917 580 781 684 5 697 119 429 48 180 901 494 350 613 141 961 455 248 160 146 998 57 721 470 864 229 727 33 819 800 364 264 617 766 442 632 449 304 985 379 896 452 618 350 197 444 463 486 527 970 281 241 819 40 117 -1 754 641 464 939 819 507 548 831 880 811 1000 898 998 115 557 411 718 812 147 753 852 658 611 865 392 274 281 117 532 429 810 0 780 379 169 174 620 663 682 362 226 768 122 
522 440 769 656 386 686 733 401 445 257 942 819 887 9 58 809 838 405 118 17 575 630 510 907 705 496 950 156 3 529 750 662 99 676 675 273 59 955 907 41 706 170 301 502 597 798 490 857 999 147 629 581 185 272 558 103 272 124 571 884 725 615 640 489 57 642 359 188 840 505 349 837 725 867 69 861 857 799 550 559 123 822 851 362 545 877 809 596 206 0 252 257 183 982 503 -1 219 18 684 473 
670 920 912 832 973 504 954 511 17 161 904 140 414 127 339 566 946 775 305 154 309 845 698 304 21 291 634 529 424 515 3 867 762 239 966 535 112 98 971 202 202 974 809 462 616 516 793 457 153 402 911 505 231 632 453 230 409 448 437 711 869 184 149 373 620 131 460 679 399 401 134 241 713 466 326 738 585 888 60 842 511 137 371 132 341 619 474 939 142 443 0 633 142 853 57 360 958 220 666 407 
906 184 912 207 224 196 223 222 713 31 143 69 427 714 339 960 97 737 162 674 868 988 619 507 547 850 269 803 299 412 272 408 994 457 570 196 967 933 888 388 921 370 443 231 23 172 920 372 397 174 399 279 240 785 855 225 879 186 174 665 574 963 477 124 128 588 253 273 609 225 281 997 613 687 997 163 213 380 143 443 805 908 710 69 415 688 760 888 130 112 496 0 187 368 242 811 92 445 149 326 
199 836 257 381 928 265 781 910 941 236 678 602 85 714 461 273 6 242 502 380 127 781 523 445 120 702 768 877 900 232 638 180 864 601 144 335 794 804 472 550 905 470 244 130 357 904 155 858 394 882 796 436 276 455 653 341 315 136 881 8 742 25 938 918 796 73 320 658 245 895 171 501 997 386 215 251 926 223 918 331 612 358 615 281 713 11 856 220 351 509 196 708 0 115 429 482 853 697 645 717 
309 20 312 40 353 140 315 759 388 507 802 938 807 945 227 608 421 975 632 915 80 124 85 468 106 820 825 953 76 374 33 741 290 68 748 227 210 780 749 88 844 35 714 814 880 786 257 805 34 821 178 990 305 853 54 925 472 735 453 352 346 454 891 771 635 808 838 965 962 325 711 4 896 532 520 225 735 924 607 801 204 584 567 675 41 243 509 385 12 748 828 513 801 0 690 651 798 902 809 190 
823 409 833 582 905 939 246 773 52 906 800 547 549 977 323 588 128 715 50 502 926 732 648 168 690 836 9 473 322 810 541 465 74 134 788 585 821 6 795 406 892 8 150 467 871 824 143 920 371 744 877 9 534 686 72 710 205 148 651 743 661 174 311 150 996 264 315 859 815 317 405 616 843 511 563 336 528 536 154 168 355 174 659 345 604 92 226 133 263 488 92 822 41 727 0 780 226 480 203 525 
984 541 571 350 531 150 710 151 419 92 381 50 753 894 502 106 490 310 87 873 467 608 271 828 338 759 653 558 616 425 392 986 495 461 175 431 242 685 338 890 979 391 189 397 336 779 650 130 178 399 521 284 823 948 338 967 805 3 288 540 903 790 760 252 521 172 801 752 619 828 831 982 799 590 391 99 720 960 573 958 550 233 477 376 935 75 70 452 604 988 81 863 327 573 998 0 278 447 459 163 
161 916 69 553 626 774 737 975 662 335 383 115 102 954 442 560 504 752 269 316 80 195 701 877 254 958 942 838 522 67 644 732 754 197 90 686 305 665 929 120 558 983 663 845 823 761 318 819 98 907 587 337 575 859 725 302 516 671 638 909 447 594 394 364 214 506 738 174 219 811 810 267 791 158 145 32 25 810 300 898 302 842 690 294 232 110 886 211 713 204 160 761 0 69 977 916 0 902 611 775 
522 758 115 300 874 22 295 538 58 174 758 829 441 376 735 510 543 767 132 647 571 870 277 841 705 31 625 123 728 496 724 751 493 463 270 98 235 21 781 612 199 759 145 292 453 285 167 944 875 689 949 318 936 2 432 494 196 369 623 951 7 863 292 249 367 629 757 329 138 649 760 621 37 178 293 562 643 86 970 164 579 928 778 223 503 434 403 337 184 917 311 549 839 363 292 331 433 0 787 627 
281 857 389 891 447 908 175 33 631 181 295 86 635 552 534 661 983 285 402 978 41 284 671 717 588 43 715 429 325 519 856 958 413 868 341 819 1 546 468 542 519 722 466 536 72 833 689 409 92 127 930 739 626 495 916 325 560 80 138 690 233 149 731 565 918 950 157 159 921 55 873 120 871 215 996 824 888 70 547 429 973 380 975 723 720 444 874 118 40 953 390 876 928 558 905 790 153 802 0 740 
439 542 531 188 883 824 215 223 188 467 218 548 713 181 695 992 395 431 869 704 388 84 367 54 712 768 555 142 292 808 58 44 464 845 563 235 487 328 668 849 658 820 362 686 630 380 421 489 810 839 735 934 68 430 59 66 105 473 740 913 131 807 125 145 93 694 425 308 238 596 280 643 319 279 31 737 385 841 235 438 509 28 587 559 896 803 201 436 133 846 256 972 210 924 572 848 699 282 352 0 
